39
19
5 3 2 7 11 14 0 17 18 19 22 25 26 27 31 34 35 36 1
0 0 0 0 0  0  0 0  0  0  0  0  0  0  0 0 0 0 0
28 28 28 28 29  28 28 28  28  28  28  28  28  28  28  28 28 28 28
4 3 4 4 4  4  4 4  4  4  4  4  4  4  4 4 4 4 4
0 0 0 0 0  0  0 0  0  0  0  0  0  0  0 0 0 0 0
5 5 6 6 6  6  6 6  6  6  6  6  6  6  6 6 6 6 6
0 0 0 0 0  0  0 0  0  0  0  0  0  0  0 0 0 0 0
10 10 8 10 30 10 10 10 10 10 10 10 10 10 10 10 10 10 10
8 8 9 8 8  8  8 8  8  8  8  8  8  8  8 8 8 8 8
8 8 8 0 8  8  8 8  8  8  8  8  8  8  8 8 8 8 8
0 0 0 0 0  0  0 0  0  0  0  0  0  0  0 0 0 0 0
12 12 12 12 13 12 12 12 12 12 12 12 12 12 12 12 12 12 12
0 0 0 0 0  0  0 0  0  0  0  0  0  0  0 0 0 0 0
0 0 0 0 0  0  0 0  0  0  0  0  0  0  0 0 0 0 0
15 15 15 15 16 15 15 15 15 15 15 15 15 15 15 15 15 15 15
0 0 0 0 0  0  0 0  0  0  0  0  0  0  0 0 0 0 0
0 0 0 0 0  0  0 0  0  0  0  0  0  0  0 0 0 0 0
0 0 0 0 0  0  0 0  0  0  0  0  0  0  0 0 0 0 0
0 0 0 0 0  0  0 0  0  0  0  0  0  0  0 0 0 0 0
20 20 20 20 21 20 20 20 20 20 20 20 20 20 20 20 20 20 20 
0 0 0 0 0  0  0 0  0  0  0  0  0  0  0 0 0 0 0
0 0 0 0 0  0  0 0  0  0  0  0  0  0  0 0 0 0 0
23 23 23 23 24 23 23 23 23 23 23 23 23 23 23 23 23 23 23
0 0 0 0 0  0  0 0  0  0  0  0  0  0  0 0 0 0 0
0 0 0 0 0  0  0 0  0  0  0  0  0  0  0 0 0 0 0
0 0 0 0 0  0  0 0  0  0  0  0  0  0  0 0 0 0 0
0 0 0 0 0  0  0 0  0  0  0  0  0  0  0 0 0 0 0
0 0 0 0 0  0  0 0  0  0  0  0  0  0  0 0 0 0 0
0 0 0 0 0  0  0 0  0  0  0  0  0  0  0 0 0 0 0
0 0 0 0 0  0  0 0  0  0  0  0  0  0  0 0 0 0 0
0 0 0 0 0  0  0 0  0  0  0  0  0  0  0 0 0 0 0
32 32 32 32 33 32 32 32 32 32 32 32 32 32 32 32 32 32 32
0 0 0 0 0  0  0 0  0  0  0  0  0  0  0 0 0 0 0
0 0 0 0 0  0  0 0  0  0  0  0  0  0  0 0 0 0 0
0 0 0 0 0  0  0 0  0  0  0  0  0  0  0 0 0 0 0
0 0 0 0 0  0  0 0  0  0  0  0  0  0  0 0 0 0 0
37 37 37 37 38 37  37 37 37 37 37 37 37 37 37 37 37 37 37  
0 0 0 0 0  0  0 0  0  0  0  0  0  0  0 0 0 0 0
0 0 0 0 0  0  0 0  0  0  0  0  0  0  0 0 0 0 0